000003
000006
000007
000011
000013
000014
000017
000022
000023
000024
000027
000029
000032
000035
000040
000045
000046
000051
000053
000054
000055
000064
000070
000072
000077
000082
000083
000084
000086
000087
000089
000092
000093
000097
000100
000101
000102
000106
000110
000111
000113
000114
000116
000119
000124
000125
000126
000128
000130
000131
000134
000135
000138
000139
000140
000141
000142
000146
000152
000157
000163
000164
000167
000169
000173
000174
000175
000177
000179
000182
000188
000192
000194
000196
000207
000211
000213
000221
000223
000224
000229
000240
000242
000243
000245
000255
000257
000258
000260
000262
000266
000274
000289
000290
000291
000292
000293
000299
000300
